














2171062507699002





















































































































2171021710700001







2171062001819003
2171062402809002
2171023004889003


2171100909729006
2171101309699005





2171061812769005
2171102110570001


2171100601709001
2171062707969000





3172040602540000



2171051301810000
2171102809710002
2171101206789007
2171061812769005










2C11BK0039-T

2171100101029005
2171061411019005


2171061608019003
2171060703689002

2171100209699004
2171102802749002
2171060309749002
2171063112710006


2171101111740003
2171060202720003
2171102912689003



2171101203709004
2171100601880003
2171060909659002
2171060811759006


3276093010910001
3578253112650001
3578221305660002
3573012607640006






2171100802760001



2171101308700002
2171061505659004
2171061611630001
2171100605919005
2102032510880002
2171100106879006
2171090409939004
2171101608009008
880513045473
3173022104840003
2102052102880004
3276060212780005

2171102810579011

2171094204840000
2171061205769000




14050221088009
2171121910719002





